                                                                                1     6     7     8    11    12    15    16    17    19    20    26    53
      Tissues to be used in the Monte Carlo simulation:                         H     C     N     O    Na    Mg     P     S    Cl     K    Ca    Fe     I     density
No.                                                                                                            (% by mass)                                    (g/cm3)
1     Adrenal                                                                 10.4  23.3   2.8  62.5   0.1   0.0   0.2   0.3   0.2   0.2   0.0   0.0   0.0     1.035  
2     ET, Trachea, BB, bb, Gall bladder wall, Pituitary gland, ...            10.5  25.2   2.7  60.6   0.1   0.0   0.2   0.3   0.2   0.2   0.0   0.0   0.0     1.031  
3     Oral mucosa, Tongue                                                     10.2  14.2   3.4  71.1   0.1   0.0   0.2   0.3   0.1   0.4   0.0   0.0   0.0     1.050  
4     Blood                                                                   10.2  11.0   3.3  74.5   0.1   0.0   0.1   0.2   0.3   0.2   0.0   0.1   0.0     1.060  
5     Cortical bone                                                            3.6  15.9   4.2  44.8   0.3   0.2   9.4   0.3   0.0   0.0  21.3   0.0   0.0     1.904  
6     Medullary cavity                                                        11.5  63.7   0.7  23.8   0.1   0.0   0.0   0.1   0.1   0.0   0.0   0.0   0.0     0.981  
7     Humeri, upper, spongiosa                                                 8.6  39.2   2.6  39.0   0.1   0.1   3.1   0.2   0.1   0.1   6.9   0.0   0.0     1.185  
8     Humeri, lower, Ulnae and radii, Wrists and hand bones, Femora, ...       9.5  49.8   1.7  31.1   0.1   0.0   2.3   0.2   0.1   0.0   5.2   0.0   0.0     1.117  
9     Clavicles, spongiosa                                                     8.5  38.8   2.6  39.2   0.1   0.1   3.2   0.2   0.1   0.1   7.1   0.0   0.0     1.192  
10    Cranium, spongiosa                                                       7.9  34.5   2.9  41.3   0.2   0.1   3.9   0.2   0.1   0.1   8.8   0.0   0.0     1.252  
11    Femora, upper, spongiosa                                                10.4  50.1   1.9  34.2   0.1   0.0   0.9   0.2   0.1   0.1   2.0   0.0   0.0     1.046  
12    Mandible, spongiosa                                                      8.6  38.3   2.7  39.8   0.1   0.1   3.1   0.2   0.1   0.1   6.9   0.0   0.0     1.189  
13    Pelvis, spongiosa                                                        9.6  42.2   2.5  39.4   0.1   0.0   1.8   0.2   0.1   0.1   3.9   0.1   0.0     1.105  
14    Ribs, spongiosa                                                          9.8  39.4   2.9  43.1   0.1   0.0   1.3   0.2   0.2   0.1   2.8   0.1   0.0     1.087  
15    Scapulae, spongiosa                                                      9.3  42.6   2.4  38.2   0.1   0.0   2.2   0.2   0.1   0.1   4.8   0.0   0.0     1.125  
16    Cervical spine, spongiosa                                                9.2  37.1   3.0  43.6   0.1   0.0   2.0   0.2   0.2   0.1   4.4   0.1   0.0     1.129  
17    Thoracic spine, spongiosa                                                9.8  39.9   2.9  43.0   0.1   0.0   1.2   0.2   0.2   0.1   2.5   0.1   0.0     1.080  
18    Lumbar spine, spongiosa                                                  8.8  35.2   3.1  44.0   0.1   0.1   2.6   0.2   0.1   0.1   5.7   0.0   0.0     1.165  
19    Sacrum, spongiosa                                                       10.2  41.6   2.8  42.6   0.1   0.0   0.7   0.2   0.2   0.1   1.4   0.1   0.0     1.052 
20    Sternum, spongiosa                                                      10.0  40.3   2.8  42.9   0.1   0.0   1.1   0.2   0.2   0.1   2.2   0.1   0.0     1.073  
21    Cartilage                                                                9.6   9.9   2.2  74.4   0.5   0.0   2.2   0.9   0.3   0.0   0.0   0.0   0.0     1.099  
22    Brain                                                                   10.7  14.4   2.2  71.3   0.2   0.0   0.4   0.2   0.3   0.3   0.0   0.0   0.0     1.041  
23    Breast, adipose tissue                                                  11.4  58.6   0.8  28.9   0.1   0.0   0.0   0.1   0.1   0.0   0.0   0.0   0.0     0.952  
24    Breast, glandular tissue                                                10.6  32.7   3.0  53.2   0.1   0.0   0.1   0.2   0.1   0.0   0.0   0.0   0.0     1.021  
25    Eye lens                                                                 9.6  19.5   5.7  64.6   0.1   0.0   0.1   0.3   0.1   0.0   0.0   0.0   0.0     1.060  
26    Cornea                                                                  10.1  12.6   3.7  73.1   0.1   0.0   0.1   0.2   0.1   0.0   0.0   0.0   0.0     1.087  
27    Aqueous                                                                 11.2   0.3   0.1  88.4   0.0   0.0   0.0   0.0   0.0   0.0   0.0   0.0   0.0     1.014  
28    Vitreous                                                                11.2   0.3   0.1  88.4   0.0   0.0   0.0   0.0   0.0   0.0   0.0   0.0   0.0     1.019  
29    Gall bladder contents                                                   10.5  25.6   2.7  60.2   0.1   0.0   0.2   0.3   0.2   0.2   0.0   0.0   0.0     1.030  
30    Stomach wall                                                            10.6  11.4   2.4  75.0   0.1   0.0   0.1   0.1   0.2   0.1   0.0   0.0   0.0     1.036  
31    Small intestine wall                                                    10.5  11.4   2.5  75.0   0.1   0.0   0.1   0.1   0.2   0.1   0.0   0.0   0.0     1.036  
32    Colon wall                                                              10.5  11.4   2.5  75.0   0.1   0.0   0.1   0.1   0.2   0.1   0.0   0.0   0.0     1.036  
33    GI contents                                                             10.0  22.2   2.2  64.4   0.1   0.0   0.2   0.3   0.1   0.4   0.1   0.0   0.0     1.040  
34    Heart wall                                                              10.4  13.5   2.9  72.2   0.1   0.0   0.2   0.2   0.2   0.3   0.0   0.0   0.0     1.051  
35    Kidney                                                                  10.3  12.7   3.0  72.9   0.2   0.0   0.2   0.2   0.2   0.2   0.1   0.0   0.0     1.052  
36    Liver                                                                   10.2  13.2   3.1  72.3   0.2   0.0   0.2   0.3   0.2   0.3   0.0   0.0   0.0     1.060  
37    Lung                                                                    10.2  10.8   3.2  74.8   0.1   0.0   0.1   0.2   0.3   0.2   0.0   0.1   0.0     0.413  
38    Lymphatic nodes                                                         10.8   4.5   1.2  82.7   0.3   0.0   0.0   0.1   0.4   0.0   0.0   0.0   0.0     1.032  
39    Muscle                                                                  10.2  14.2   3.4  71.1   0.1   0.0   0.2   0.3   0.1   0.4   0.0   0.0   0.0     1.050  
40    Oesophagus                                                              10.5  22.8   2.8  62.9   0.1   0.0   0.2   0.3   0.2   0.2   0.0   0.0   0.0     1.036  
41    Gonads                                                                  10.5   9.5   2.5  76.5   0.2   0.0   0.2   0.2   0.2   0.2   0.0   0.0   0.0     1.051  
42    Pancreas                                                                10.5  15.9   2.4  70.3   0.2   0.0   0.2   0.1   0.2   0.2   0.0   0.0   0.0     1.043  
43    Prostate                                                                10.6  31.0   2.4  55.2   0.1   0.0   0.2   0.2   0.1   0.2   0.0   0.0   0.0     1.021  
44    RST                                                                     11.2  54.5   1.0  32.9   0.1   0.0   0.1   0.1   0.1   0.0   0.0   0.0   0.0     0.946  
45    Skin                                                                    10.0  19.9   4.2  65.0   0.2   0.0   0.1   0.2   0.3   0.1   0.0   0.0   0.0     1.088  
46    Spleen                                                                  10.3  11.2   3.2  74.2   0.1   0.0   0.3   0.2   0.2   0.3   0.0   0.0   0.0     1.060  
47    Teeth                                                                    2.3   9.5   2.9  42.6   0.0   0.7  13.5   0.0   0.0   0.0  28.5   0.0   0.0     2.690  
48    Thyroid                                                                 10.4  11.8   2.5  74.5   0.2   0.0   0.1   0.1   0.2   0.1   0.0   0.0   0.1     1.051  
49    Urinary bladder wall                                                    10.5   9.6   2.6  76.1   0.2   0.0   0.2   0.2   0.3   0.3   0.0   0.0   0.0     1.040  
50    Urine                                                                   10.7   0.3   1.0  87.3   0.4   0.0   0.1   0.0   0.0   0.2   0.0   0.0   0.0     1.040  
51    Air inside body                                                          0.0   0.0  80.0  20.0   0.0   0.0   0.0   0.0   0.0   0.0   0.0   0.0   0.0     0.001  
52    Water                                                                   11.2   0.0   0.0  88.8   0.0   0.0   0.0   0.0   0.0   0.0   0.0   0.0   0.0     1.000