# E_MeV_per_n    Probability
1.033441e+00 4.049107e-04
1.103716e+00 4.171408e-04
1.178769e+00 4.447458e-04
1.258925e+00 5.106937e-04
1.344533e+00 5.816683e-04
1.435962e+00 6.149791e-04
1.533608e+00 5.450383e-04
1.637894e+00 5.821066e-04
1.749271e+00 5.877871e-04
1.868222e+00 6.048674e-04
1.995262e+00 6.525398e-04
2.130941e+00 7.337796e-04
2.275846e+00 7.836782e-04
2.430604e+00 9.247836e-04
2.595887e+00 1.025622e-03
2.772408e+00 1.114083e-03
2.960933e+00 1.246287e-03
3.162278e+00 1.331031e-03
3.377314e+00 1.493490e-03
3.606973e+00 1.613002e-03
3.852248e+00 1.875250e-03
4.114203e+00 2.288385e-03
4.393971e+00 2.444007e-03
4.692762e+00 1.977394e-03
5.011872e+00 2.043917e-03
5.352682e+00 2.122585e-03
5.716667e+00 2.192579e-03
6.105402e+00 2.340923e-03
6.520572e+00 2.376332e-03
6.963974e+00 2.537924e-03
7.437527e+00 2.869418e-03
7.943282e+00 3.195486e-03
8.483429e+00 3.361861e-03
9.060306e+00 3.149161e-03
9.676411e+00 3.363307e-03
1.033441e+01 3.281664e-03
1.103716e+01 3.337242e-03
1.178769e+01 3.505447e-03
1.258925e+01 3.511226e-03
1.344533e+01 3.749993e-03
1.435962e+01 4.197133e-03
1.533608e+01 4.546181e-03
1.637894e+01 4.574307e-03
1.749271e+01 4.230403e-03
1.868222e+01 4.518073e-03
1.995262e+01 4.408818e-03
2.130941e+01 4.637070e-03
2.275846e+01 4.798749e-03
2.430604e+01 4.894239e-03
2.595887e+01 5.227095e-03
2.772408e+01 4.927269e-03
2.960933e+01 5.232504e-03
3.162278e+01 5.069693e-03
3.377314e+01 4.895242e-03
3.606973e+01 5.193097e-03
3.852248e+01 4.959443e-03
4.114203e+01 5.296675e-03
4.393971e+01 5.546087e-03
4.692762e+01 5.849471e-03
5.011872e+01 6.110676e-03
5.352682e+01 5.776494e-03
5.716667e+01 6.169312e-03
6.105402e+01 5.793112e-03
6.520572e+01 5.848993e-03
6.963974e+01 6.152618e-03
7.437527e+01 6.292447e-03
7.943282e+01 6.720340e-03
8.483429e+01 6.321082e-03
9.060306e+01 6.542003e-03
9.676411e+01 6.595655e-03
1.033441e+02 6.322720e-03
1.103716e+02 6.752758e-03
1.178769e+02 6.769938e-03
1.258925e+02 7.184736e-03
1.344533e+02 7.422761e-03
1.435962e+02 7.623038e-03
1.533608e+02 8.136921e-03
1.637894e+02 8.225902e-03
1.749271e+02 8.785215e-03
1.868222e+02 9.067078e-03
1.995262e+02 9.427273e-03
2.130941e+02 1.000414e-02
2.275846e+02 1.014760e-02
2.430604e+02 1.083756e-02
2.595887e+02 1.137027e-02
2.772408e+02 1.203469e-02
2.960933e+02 1.267598e-02
3.162278e+02 1.285074e-02
3.377314e+02 1.372457e-02
3.606973e+02 1.390108e-02
3.852248e+02 1.460015e-02
4.114203e+02 1.514060e-02
4.393971e+02 1.513323e-02
4.692762e+02 1.616221e-02
5.011872e+02 1.558303e-02
5.352682e+02 1.636242e-02
5.716667e+02 1.668577e-02
6.105402e+02 1.665169e-02
6.520572e+02 1.778405e-02
6.963974e+02 1.670778e-02
7.437527e+02 1.774870e-02
7.943282e+02 1.767627e-02
8.483429e+02 1.761522e-02
9.060306e+02 1.863779e-02
9.676411e+02 1.714552e-02
1.033441e+03 1.831130e-02
1.103716e+03 1.771017e-02
1.178769e+03 1.770338e-02
1.258925e+03 1.834271e-02
1.344533e+03 1.657115e-02
1.435962e+03 1.769818e-02
1.533608e+03 1.632761e-02
1.637894e+03 1.636284e-02
1.749271e+03 1.654376e-02
1.868222e+03 1.496061e-02
1.995262e+03 1.597791e-02
2.130941e+03 1.421980e-02
2.275846e+03 1.450830e-02
2.430604e+03 1.382657e-02
2.595887e+03 1.173676e-02
2.772408e+03 1.253479e-02
2.960933e+03 6.523137e-03
3.162278e+03 6.289272e-03
3.377314e+03 5.321100e-03
3.606973e+03 4.009803e-03
3.852248e+03 4.267055e-03
4.114203e+03 3.362359e-03
4.393971e+03 3.591017e-03
4.692762e+03 3.160691e-03
5.011872e+03 2.835329e-03
5.352682e+03 2.925159e-03
5.716667e+03 2.292956e-03
6.105402e+03 2.448873e-03
6.520572e+03 2.096424e-03
6.963974e+03 1.967214e-03
7.437527e+03 1.952609e-03
7.943282e+03 1.521672e-03
8.483429e+03 1.625148e-03
9.060306e+03 1.290393e-03
9.676411e+03 1.236041e-03
1.033441e+04 1.188124e-03
1.103716e+04 9.712592e-04
1.178769e+04 1.037298e-03
1.258925e+04 7.874342e-04
1.344533e+04 7.890371e-04
1.435962e+04 7.366956e-04
1.533608e+04 6.320699e-04
1.637894e+04 6.750572e-04
1.749271e+04 4.701887e-04
1.868222e+04 4.926881e-04
1.995262e+04 4.360840e-04
2.130941e+04 3.780103e-04
2.275846e+04 3.943906e-04
2.430604e+04 2.827376e-04
2.595887e+04 3.019665e-04
2.772408e+04 2.498742e-04
2.960933e+04 2.199344e-04
3.162278e+04 2.204077e-04
3.377314e+04 1.598813e-04
3.606973e+04 1.707537e-04
3.852248e+04 1.426179e-04
4.114203e+04 1.359922e-04
4.393971e+04 1.302647e-04
4.692762e+04 9.636283e-05
5.011872e+04 1.029161e-04
5.352682e+04 8.033175e-05
5.716667e+04 7.889906e-05
6.105402e+04 7.428362e-05
6.520572e+04 6.147701e-05
6.963974e+04 6.565749e-05
7.437527e+04 4.546987e-05
7.943282e+04 4.623495e-05
8.483429e+04 4.283865e-05
9.060306e+04 3.802081e-05
9.676411e+04 4.035773e-05
1.033441e+05 2.792407e-05
1.103716e+05 2.982331e-05
1.178769e+05 2.524704e-05
1.258925e+05 2.174806e-05
1.344533e+05 2.238211e-05
1.435962e+05 1.731338e-05
1.533608e+05 1.849049e-05
1.637894e+05 1.481792e-05
1.749271e+05 1.328383e-05
1.868222e+05 1.178436e-05
1.995262e+05 3.642632e-06
2.130941e+05 3.890342e-06
2.275846e+05 1.169267e-06
2.430604e+05 3.142460e-07
2.595887e+05 2.535249e-07
2.772408e+05 8.854021e-08
2.960933e+05 9.456151e-08
3.162278e+05 1.296720e-08
