# E_MeV_per_n    Probability
1.033441e+00 7.563868e-05
1.103716e+00 8.452117e-05
1.178769e+00 9.544131e-05
1.258925e+00 1.019310e-04
1.344533e+00 1.028704e-04
1.435962e+00 1.097254e-04
1.533608e+00 1.113913e-04
1.637894e+00 1.136109e-04
1.749271e+00 1.206074e-04
1.868222e+00 1.199115e-04
1.995262e+00 1.280653e-04
2.130941e+00 1.308923e-04
2.275846e+00 1.361958e-04
2.430604e+00 1.375414e-04
2.595887e+00 1.092131e-04
2.772408e+00 1.166389e-04
2.960933e+00 1.248904e-04
3.162278e+00 1.335056e-04
3.377314e+00 1.488875e-04
3.606973e+00 1.758725e-04
3.852248e+00 1.878318e-04
4.114203e+00 1.680058e-04
4.393971e+00 1.724775e-04
4.692762e+00 1.725004e-04
5.011872e+00 1.644162e-04
5.352682e+00 1.755959e-04
5.716667e+00 1.581528e-04
6.105402e+00 1.665949e-04
6.520572e+00 1.646373e-04
6.963974e+00 1.609226e-04
7.437527e+00 1.713318e-04
7.943282e+00 1.649044e-04
8.483429e+00 1.761181e-04
9.060306e+00 1.637310e-04
9.676411e+00 1.566150e-04
1.033441e+01 1.661220e-04
1.103716e+01 1.695186e-04
1.178769e+01 1.810447e-04
1.258925e+01 1.910595e-04
1.344533e+01 2.029360e-04
1.435962e+01 2.130142e-04
1.533608e+01 2.146323e-04
1.637894e+01 2.292295e-04
1.749271e+01 2.293247e-04
1.868222e+01 2.404160e-04
1.995262e+01 2.632995e-04
2.130941e+01 2.948798e-04
2.275846e+01 3.149323e-04
2.430604e+01 3.643678e-04
2.595887e+01 3.930670e-04
2.772408e+01 4.148238e-04
2.960933e+01 4.362538e-04
3.162278e+01 4.659181e-04
3.377314e+01 5.454603e-04
3.606973e+01 5.835031e-04
3.852248e+01 6.389201e-04
4.114203e+01 6.967129e-04
4.393971e+01 7.504784e-04
4.692762e+01 8.758872e-04
5.011872e+01 9.354525e-04
5.352682e+01 1.080412e-03
5.716667e+01 1.202904e-03
6.105402e+01 1.308124e-03
6.520572e+01 1.506011e-03
6.963974e+01 1.608420e-03
7.437527e+01 1.866841e-03
7.943282e+01 2.050174e-03
8.483429e+01 2.251070e-03
9.060306e+01 2.565775e-03
9.676411e+01 2.740250e-03
1.033441e+02 3.177789e-03
1.103716e+02 3.446205e-03
1.178769e+02 3.809143e-03
1.258925e+02 4.282706e-03
1.344533e+02 4.573935e-03
1.435962e+02 5.319504e-03
1.533608e+02 5.713553e-03
1.637894e+02 6.285320e-03
1.749271e+02 6.915410e-03
1.868222e+02 7.401972e-03
1.995262e+02 8.398322e-03
2.130941e+02 8.969435e-03
2.275846e+02 9.783542e-03
2.430604e+02 1.059951e-02
2.595887e+02 1.134348e-02
2.772408e+02 1.226984e-02
2.960933e+02 1.310427e-02
3.162278e+02 1.391670e-02
3.377314e+02 1.482541e-02
3.606973e+02 1.569984e-02
3.852248e+02 1.631433e-02
4.114203e+02 1.742367e-02
4.393971e+02 1.764525e-02
4.692762e+02 1.857068e-02
5.011872e+02 1.922863e-02
5.352682e+02 1.928998e-02
5.716667e+02 2.060176e-02
6.105402e+02 2.016302e-02
6.520572e+02 2.128541e-02
6.963974e+02 2.149593e-02
7.437527e+02 2.129364e-02
7.943282e+02 2.274164e-02
8.483429e+02 2.117900e-02
9.060306e+02 2.256900e-02
9.676411e+02 2.217512e-02
1.033441e+03 2.194924e-02
1.103716e+03 2.310819e-02
1.178769e+03 2.096294e-02
1.258925e+03 2.238835e-02
1.344533e+03 2.107111e-02
1.435962e+03 2.081851e-02
1.533608e+03 2.140173e-02
1.637894e+03 1.907622e-02
1.749271e+03 2.037329e-02
1.868222e+03 1.836505e-02
1.995262e+03 1.835270e-02
2.130941e+03 1.831590e-02
2.275846e+03 1.624090e-02
2.430604e+03 1.734517e-02
2.595887e+03 1.461229e-02
2.772408e+03 1.481186e-02
2.960933e+03 1.412964e-02
3.162278e+03 1.231313e-02
3.377314e+03 1.315040e-02
3.606973e+03 1.060321e-02
3.852248e+03 1.108185e-02
4.114203e+03 1.019202e-02
4.393971e+03 9.091560e-03
4.692762e+03 9.604399e-03
5.011872e+03 7.386346e-03
5.352682e+03 7.888592e-03
5.716667e+03 6.926868e-03
6.105402e+03 6.307303e-03
6.520572e+03 6.452207e-03
6.963974e+03 5.040174e-03
7.437527e+03 5.382898e-03
7.943282e+03 4.537517e-03
8.483429e+03 4.275890e-03
9.060306e+03 4.207945e-03
9.676411e+03 3.302105e-03
1.033441e+04 3.526627e-03
1.103716e+04 2.798224e-03
1.178769e+04 2.718355e-03
1.258925e+04 2.577564e-03
1.344533e+04 2.092473e-03
1.435962e+04 2.234786e-03
1.533608e+04 1.674421e-03
1.637894e+04 1.695243e-03
1.749271e+04 1.546759e-03
1.868222e+04 1.302101e-03
1.995262e+04 1.390642e-03
2.130941e+04 9.670425e-04
2.275846e+04 1.026359e-03
2.430604e+04 9.002237e-04
2.595887e+04 7.877740e-04
2.772408e+04 8.140881e-04
2.960933e+04 5.792180e-04
3.162278e+04 6.186036e-04
3.377314e+04 5.151427e-04
3.606973e+04 4.650778e-04
3.852248e+04 4.624993e-04
4.114203e+04 3.420550e-04
4.393971e+04 3.653165e-04
4.692762e+04 2.878694e-04
5.011872e+04 2.701113e-04
5.352682e+04 2.592084e-04
5.716667e+04 2.024679e-04
6.105402e+04 2.162353e-04
6.520572e+04 1.625541e-04
6.963974e+04 1.600804e-04
7.437527e+04 1.459895e-04
7.943282e+04 1.154584e-04
8.483429e+04 1.233097e-04
9.060306e+04 8.375188e-05
9.676411e+04 8.626682e-05
1.033441e+05 7.448284e-05
1.103716e+05 6.055239e-05
1.178769e+05 6.402364e-05
1.258925e+05 5.236360e-05
1.344533e+05 5.592438e-05
1.435962e+05 4.707767e-05
1.533608e+05 4.120122e-05
1.637894e+05 4.139696e-05
1.749271e+05 2.771424e-05
1.868222e+05 2.959883e-05
1.995262e+05 1.204894e-05
2.130941e+05 3.809007e-06
2.275846e+05 3.064197e-06
