# E_MeV_per_n    Probability
1.033441e+00 8.070656e-04
1.103716e+00 2.093308e-03
1.178769e+00 2.235638e-03
1.258925e+00 2.296398e-03
1.344533e+00 2.448010e-03
1.435962e+00 2.574471e-03
1.533608e+00 2.708821e-03
1.637894e+00 2.891436e-03
1.749271e+00 3.059029e-03
1.868222e+00 3.267044e-03
1.995262e+00 3.347619e-03
2.130941e+00 3.479558e-03
2.275846e+00 3.668566e-03
2.430604e+00 3.649123e-03
2.595887e+00 3.897298e-03
2.772408e+00 4.156639e-03
2.960933e+00 4.436872e-03
3.162278e+00 4.635003e-03
3.377314e+00 4.637539e-03
3.606973e+00 4.952903e-03
3.852248e+00 5.139209e-03
4.114203e+00 5.451050e-03
4.393971e+00 5.678640e-03
4.692762e+00 5.796505e-03
5.011872e+00 6.190701e-03
5.352682e+00 6.242879e-03
5.716667e+00 6.627682e-03
6.105402e+00 6.886474e-03
6.520572e+00 7.117965e-03
6.963974e+00 7.599616e-03
7.437527e+00 7.704811e-03
7.943282e+00 8.228747e-03
8.483429e+00 8.360335e-03
9.060306e+00 8.575782e-03
9.676411e+00 9.101305e-03
1.033441e+01 9.219128e-03
1.103716e+01 9.846165e-03
1.178769e+01 9.989164e-03
1.258925e+01 1.038366e-02
1.344533e+01 1.091439e-02
1.435962e+01 1.096070e-02
1.533608e+01 1.170590e-02
1.637894e+01 1.183159e-02
1.749271e+01 1.241343e-02
1.868222e+01 1.287268e-02
1.995262e+01 1.284996e-02
2.130941e+01 1.372380e-02
2.275846e+01 1.363832e-02
2.430604e+01 1.439018e-02
2.595887e+01 1.470308e-02
2.772408e+01 1.470159e-02
2.960933e+01 1.570139e-02
3.162278e+01 1.479263e-02
3.377314e+01 1.570784e-02
3.606973e+01 1.591373e-02
3.852248e+01 1.613163e-02
4.114203e+01 1.707397e-02
4.393971e+01 1.563210e-02
4.692762e+01 1.669501e-02
5.011872e+01 1.621269e-02
5.352682e+01 1.623732e-02
5.716667e+01 1.695165e-02
6.105402e+01 1.595992e-02
6.520572e+01 1.704524e-02
6.963974e+01 1.603743e-02
7.437527e+01 1.620604e-02
7.943282e+01 1.653911e-02
8.483429e+01 1.538443e-02
9.060306e+01 1.643056e-02
9.676411e+01 1.506858e-02
1.033441e+02 1.548713e-02
1.103716e+02 1.542470e-02
1.178769e+02 1.441347e-02
1.258925e+02 1.539353e-02
1.344533e+02 1.346576e-02
1.435962e+02 1.407408e-02
1.533608e+02 1.362990e-02
1.637894e+02 1.285181e-02
1.749271e+02 1.369688e-02
1.868222e+02 1.149455e-02
1.995262e+02 1.227617e-02
2.130941e+02 1.145349e-02
2.275846e+02 1.088416e-02
2.430604e+02 1.131234e-02
2.595887e+02 9.466873e-03
2.772408e+02 1.011056e-02
2.960933e+02 9.038266e-03
3.162278e+02 8.715642e-03
3.377314e+02 8.793053e-03
3.606973e+02 7.388800e-03
3.852248e+02 7.891237e-03
4.114203e+02 6.618511e-03
4.393971e+02 6.479056e-03
4.692762e+02 6.312691e-03
5.011872e+02 5.348734e-03
5.352682e+02 5.712429e-03
5.716667e+02 4.531529e-03
6.105402e+02 4.577027e-03
6.520572e+02 4.278219e-03
6.963974e+02 3.664822e-03
7.437527e+02 3.914025e-03
7.943282e+02 2.947741e-03
8.483429e+02 3.096460e-03
9.060306e+02 2.708948e-03
9.676411e+02 2.302025e-03
1.033441e+03 2.407801e-03
1.103716e+03 1.768551e-03
1.178769e+03 1.888800e-03
1.258925e+03 1.589125e-03
1.344533e+03 1.416096e-03
1.435962e+03 1.423922e-03
1.533608e+03 1.046463e-03
1.637894e+03 1.117633e-03
1.749271e+03 8.933023e-04
1.868222e+03 8.284144e-04
1.995262e+03 7.944177e-04
2.130941e+03 5.854855e-04
2.275846e+03 6.252999e-04
2.430604e+03 4.732495e-04
2.595887e+03 4.589418e-04
2.772408e+03 4.225423e-04
2.960933e+03 3.283284e-04
3.162278e+03 3.506540e-04
3.377314e+03 2.394689e-04
3.606973e+03 2.423791e-04
3.852248e+03 2.117003e-04
4.114203e+03 1.695003e-04
4.393971e+03 1.800867e-04
4.692762e+03 1.178016e-04
5.011872e+03 1.258127e-04
5.352682e+03 1.038976e-04
5.716667e+03 8.652675e-05
6.105402e+03 8.809203e-05
6.520572e+03 5.912489e-05
6.963974e+03 6.314543e-05
7.437527e+03 5.050041e-05
7.943282e+03 4.505297e-05
8.483429e+03 4.308104e-05
9.060306e+03 2.684611e-05
9.676411e+03 2.867167e-05
1.033441e+04 2.022877e-05
1.103716e+04 1.828268e-05
1.178769e+04 1.697046e-05
1.258925e+04 1.235243e-05
1.344533e+04 1.319241e-05
1.435962e+04 7.578895e-06
1.533608e+04 7.036026e-06
1.637894e+04 6.713340e-06
1.749271e+04 5.999057e-06
1.868222e+04 6.406996e-06
1.995262e+04 3.883329e-06
2.130941e+04 4.034656e-06
2.275846e+04 2.763319e-06
2.430604e+04 1.444552e-06
2.595887e+04 1.498749e-06
2.772408e+04 9.435232e-07
2.960933e+04 1.007689e-06
3.162278e+04 9.109578e-07
3.377314e+04 8.659801e-07
3.606973e+04 8.291141e-07
3.852248e+04 3.851508e-07
4.114203e+04 4.113403e-07
4.393971e+04 3.063455e-07
4.692762e+04 2.724899e-07
5.011872e+04 2.963381e-07
5.352682e+04 3.316931e-07
5.716667e+04 3.542492e-07
6.105402e+04 7.988369e-08
6.520572e+04 1.561701e-08
6.963974e+04 3.282195e-08
7.437527e+04 6.397452e-08
7.943282e+04 6.832486e-08
8.483429e+04 1.953933e-08
9.060306e+04 1.580553e-08
9.676411e+04 9.167095e-09
1.033441e+05 6.626155e-10
1.103716e+05 6.972731e-10
1.178769e+05 9.771501e-11
1.258925e+05 1.043593e-10
1.344533e+05 4.532416e-10
1.435962e+05 7.543214e-10
1.533608e+05 7.088392e-10
