# E_MeV_per_n    Probability
1.258925e+00 4.229856e-06
1.344533e+00 4.728170e-06
1.435962e+00 3.358606e-06
1.533608e+00 1.868256e-06
1.637894e+00 2.013787e-06
1.749271e+00 2.482888e-06
1.868222e+00 2.651726e-06
1.995262e+00 3.570749e-06
2.130941e+00 4.312957e-06
2.275846e+00 5.208185e-06
2.430604e+00 8.961722e-06
2.595887e+00 9.571207e-06
2.772408e+00 1.890140e-05
2.960933e+00 2.394204e-05
3.162278e+00 4.043102e-05
3.377314e+00 8.804168e-05
3.606973e+00 9.402873e-05
3.852248e+00 6.426652e-05
4.114203e+00 5.959929e-05
4.393971e+00 9.125859e-05
4.692762e+00 1.492111e-04
5.011872e+00 1.593583e-04
5.352682e+00 2.247559e-04
5.716667e+00 2.459187e-04
6.105402e+00 6.994169e-04
6.520572e+00 1.286029e-03
6.963974e+00 1.368082e-03
7.437527e+00 5.242857e-04
7.943282e+00 5.599377e-04
8.483429e+00 6.268086e-04
9.060306e+00 6.931851e-04
9.676411e+00 6.826549e-04
1.033441e+01 2.277942e-04
1.103716e+01 2.432875e-04
1.178769e+01 8.590359e-04
1.258925e+01 1.241520e-03
1.344533e+01 1.282142e-03
1.435962e+01 1.195503e-03
1.533608e+01 1.276783e-03
1.637894e+01 1.065127e-03
1.749271e+01 1.038425e-03
1.868222e+01 1.032696e-03
1.995262e+01 9.247851e-04
2.130941e+01 9.876734e-04
2.275846e+01 1.494873e-03
2.430604e+01 1.672298e-03
2.595887e+01 1.823621e-03
2.772408e+01 2.004143e-03
2.960933e+01 2.140438e-03
3.162278e+01 1.420798e-03
3.377314e+01 1.477717e-03
3.606973e+01 1.895539e-03
3.852248e+01 2.342486e-03
4.114203e+01 2.511377e-03
4.393971e+01 2.843927e-03
4.692762e+01 3.037300e-03
5.011872e+01 3.370912e-03
5.352682e+01 3.684774e-03
5.716667e+01 4.321101e-03
6.105402e+01 6.736746e-03
6.520572e+01 7.194861e-03
6.963974e+01 5.751814e-03
7.437527e+01 5.320816e-03
7.943282e+01 5.022484e-03
8.483429e+01 3.407178e-03
9.060306e+01 3.638865e-03
9.676411e+01 6.577105e-03
1.033441e+02 7.682015e-03
1.103716e+02 7.407265e-03
1.178769e+02 6.439003e-03
1.258925e+02 6.876832e-03
1.344533e+02 1.529214e-02
1.435962e+02 1.715380e-02
1.533608e+02 1.255616e-02
1.637894e+02 6.395544e-03
1.749271e+02 6.825586e-03
1.868222e+02 6.765051e-03
1.995262e+02 7.225065e-03
2.130941e+02 7.861047e-03
2.275846e+02 8.513274e-03
2.430604e+02 9.098148e-03
2.595887e+02 9.767480e-03
2.772408e+02 1.043161e-02
2.960933e+02 1.011996e-02
3.162278e+02 1.026434e-02
3.377314e+02 1.049541e-02
3.606973e+02 9.394813e-03
3.852248e+02 1.003366e-02
4.114203e+02 9.563855e-03
4.393971e+02 9.838855e-03
4.692762e+02 1.171633e-02
5.011872e+02 1.528738e-02
5.352682e+02 1.632686e-02
5.716667e+02 1.470925e-02
6.105402e+02 1.525294e-02
6.520572e+02 1.471110e-02
6.963974e+02 1.337071e-02
7.437527e+02 1.427990e-02
7.943282e+02 1.494251e-02
8.483429e+02 1.594567e-02
9.060306e+02 1.643514e-02
9.676411e+02 1.696482e-02
1.033441e+03 1.788210e-02
1.103716e+03 1.536066e-02
1.178769e+03 1.640508e-02
1.258925e+03 1.650751e-02
1.344533e+03 1.696487e-02
1.435962e+03 1.791195e-02
1.533608e+03 1.802167e-02
1.637894e+03 1.924733e-02
1.749271e+03 1.645594e-02
1.868222e+03 1.585978e-02
1.995262e+03 1.605754e-02
2.130941e+03 1.458574e-02
2.275846e+03 1.557760e-02
2.430604e+03 1.396462e-02
2.595887e+03 1.427581e-02
2.772408e+03 1.364007e-02
2.960933e+03 1.164618e-02
3.162278e+03 1.243809e-02
3.377314e+03 1.387820e-02
3.606973e+03 1.488082e-02
3.852248e+03 1.277457e-02
4.114203e+03 9.901290e-03
4.393971e+03 1.056420e-02
4.692762e+03 1.045562e-02
5.011872e+03 1.116666e-02
5.352682e+03 9.884130e-03
5.716667e+03 8.918783e-03
6.105402e+03 9.352902e-03
6.520572e+03 8.593808e-03
6.963974e+03 9.178193e-03
7.437527e+03 6.704315e-03
7.943282e+03 5.535851e-03
8.483429e+03 5.632984e-03
9.060306e+03 4.953013e-03
9.676411e+03 5.289823e-03
1.033441e+04 4.493341e-03
1.103716e+04 4.429389e-03
1.178769e+04 4.363424e-03
1.258925e+04 3.830840e-03
1.344533e+04 4.091341e-03
1.435962e+04 3.319577e-03
1.533608e+04 3.374617e-03
1.637894e+04 3.361919e-03
1.749271e+04 3.236590e-03
1.868222e+04 3.456680e-03
1.995262e+04 2.684970e-03
2.130941e+04 2.829198e-03
2.275846e+04 2.325374e-03
2.430604e+04 1.804856e-03
2.595887e+04 1.909666e-03
2.772408e+04 1.771897e-03
2.960933e+04 1.892397e-03
3.162278e+04 1.822867e-03
3.377314e+04 1.818574e-03
3.606973e+04 1.739733e-03
3.852248e+04 7.998730e-04
4.114203e+04 8.542628e-04
4.393971e+04 6.604490e-04
4.692762e+04 6.017546e-04
5.011872e+04 5.601780e-04
5.352682e+04 3.623645e-04
5.716667e+04 3.870063e-04
6.105402e+04 1.606037e-04
6.520572e+04 1.125069e-04
6.963974e+04 2.607886e-04
7.437527e+04 5.304674e-04
7.943282e+04 5.665398e-04
8.483429e+04 1.269452e-04
9.060306e+04 9.027715e-05
9.676411e+04 5.923472e-05
1.033441e+05 1.926214e-05
1.103716e+05 2.039234e-05
1.178769e+05 1.059800e-05
1.258925e+05 1.131863e-05
1.344533e+05 7.083492e-06
1.435962e+05 3.607889e-06
1.533608e+05 3.473723e-06
1.637894e+05 7.413135e-07
1.749271e+05 7.917185e-07
1.868222e+05 7.111942e-07
1.995262e+05 6.901975e-07
2.130941e+05 5.729901e-07
